000002 000000
000003 000000
000004 000000
000005 000000
000006 122114
000007 032100
000010 000000
000011 000000
000012 000000
000013 000000
000014 000452
000015 000374
000016 001604
000017 000000
000020 000333
000021 000040
000022 000271
000023 000220
000024 000000
000025 000000
000026 000142
000027 000000
000030 003720
000031 000001
000032 000001
000033 000100
000034 000000
000035 000050
000036 000000
000037 001750
000040 002010
000041 014001
000042 004010
000043 006011
000044 010010
000045 004007
000046 122207
000047 005600
000050 172002
000051 006412
000052 054100
000053 122135
000054 031517
000055 002437
000056 010436
000057 004407
000060 122107
000061 004100
000062 002436
000063 014401
000064 004436
000065 122135
000066 032100
000067 006011
000070 010010
000071 004007
000072 122207
000073 003600
000074 002010
000075 016001
000076 004010
000077 036000
000100 002010
000101 014001
000102 004010
000103 006011
000104 010010
000105 004007
000106 122207
000107 005600
000110 003034
000111 002436
000112 054600
000113 122133
000114 031527
000115 011037
000116 005007
000117 122107
000120 003100
000121 175001
000122 003034
000123 015001
000124 005034
000125 122133
000126 032110
000127 007012
000130 175001
000131 006011
000132 010010
000133 004007
000134 122207
000135 003600
000136 002010
000137 016001
000140 004010
000141 036000
000142 002010
000143 014001
000144 004010
000145 006011
000146 010010
000147 004007
000150 122207
000151 005600
000152 172000
000153 006412
000154 054100
000155 122126
000156 031527
000157 002430
000160 010427
000161 004407
000162 122107
000163 004100
000164 002427
000165 014401
000166 004427
000167 122126
000170 032110
000171 002025
000172 002436
000173 054100
000174 122126
000175 031536
000176 122126
000177 032137
000200 000000
000201 002037
000202 010025
000203 004007
000204 122107
000205 002100
000206 003030
000207 011024
000210 005007
000211 122107
000212 002500
000213 054100
000214 122123
000215 031500
000216 122122
000217 032105
000220 006000
000221 004035
000222 002035
000223 002427
000224 054100
000225 122123
000226 031511
000227 122123
000230 032130
000231 002030
000232 004037
000233 002027
000234 004036
000235 006000
000236 004034
000237 122133
000240 034100
000241 002432
000242 122115
000243 034100
000244 002431
000245 122115
000246 034100
000247 000000
000250 002037
000251 010025
000252 010035
000253 004007
000254 122107
000255 002100
000256 002430
000257 010424
000260 010435
000261 004407
000262 122107
000263 002500
000264 054100
000265 122122
000266 031500
000267 122122
000270 032105
000271 002435
000272 014401
000273 004435
000274 122123
000275 032102
000276 002025
000277 014001
000300 004025
000301 002037
000302 010025
000303 004007
000304 122107
000305 002100
000306 002421
000307 054100
000310 122122
000311 031523
000312 122122
000313 032133
000314 002431
000315 014401
000316 004431
000317 002425
000320 014401
000321 004425
000322 122126
000323 032127
000324 002421
000325 014416
000326 054100
000327 122120
000330 031500
000331 122122
000332 032105
000333 002432
000334 014401
000335 004432
000336 006401
000337 004431
000340 002425
000341 014401
000342 004425
000343 002437
000344 010425
000345 004407
000346 122107
000347 002500
000350 002021
000351 054100
000352 122120
000353 031523
000354 122126
000355 032127
000356 002425
000357 014401
000360 004425
000361 122126
000362 032127
000363 006011
000364 010010
000365 004007
000366 122207
000367 003600
000370 002010
000371 016001
000372 004010
000373 036000
000374 002010
000375 014001
000376 004010
000377 006011
000400 010010
000401 004007
000402 122207
000403 005600
000404 004407
000405 002007
000406 007012
000407 052200
000410 003017
000411 015001
000412 005017
000413 003016
000414 011017
000415 005007
000416 122107
000417 014436
000420 014422
000421 004500
000422 122115
000423 026112
000424 002016
000425 010017
000426 004007
000427 122107
000430 002100
000431 174001
000432 002017
000433 016001
000434 004017
000435 122115
000436 026130
000437 006012
000440 174001
000441 006011
000442 010010
000443 004007
000444 122207
000445 003600
000446 002010
000447 016001
000450 004010
000451 036000
000452 122121
000453 034100
000454 122133
000455 034100
000456 122126
000457 034100
000460 000000